10	
	95	11100		5

32	 	570	01		2

34	"	20	1100010		7

39	'	4	001111000	9

40	(	58	00011		5

41	)	58	00010		5

42	*	13	11111001	8

43	+	14	11111110	8

44	,	12	11110010	8

45	-	2	0011011000	10

46	.	35	101100		6

47	/	4	001101101	9

48	0	7	111111111	9

49	1	4	001101111	9

50	2	2	11111111011	11

55	7	1	111111110100	12

56	8	1	111111110101	12

58	:	4	100010100	9

59	;	47	110101		6

60	<	5	110001100	9

61	=	27	1111101		7

62	>	4	100010101	9

64	@	3	1111000010	10

65	A	6	111100011	9

67	C	8	00111101	8

69	E	2	1100101000	10

70	F	6	111100000	9

72	H	11	11001011	8

73	I	4	001101110	9

76	L	5	110001101	9

78	N	13	11111100	8

79	O	2	0011011001	10

80	P	3	1100101001	10

81	Q	3	1111001101	10

82	R	5	110010101	9

83	S	16	0011100		7

84	T	22	1100111		7

91	[	17	0011111		7

92	\	6	111100111	9

93	]	17	1000100		7

95	_	3	1111000011	10

97	a	79	10111		5

98	b	13	11111000	8

99	c	52	111101		6

100	d	34	100011		6

101	e	145	1010		4

102	f	67	10000		5

103	g	16	0011101		7

104	h	22	1100110		7

105	i	118	0010		4

106	j	6	111100010	9

107	k	3	1111111100	10

108	l	72	10011		5

109	m	14	0011010		7

110	n	97	11101		5

111	o	70	10010		5

112	p	30	001100		6

113	q	18	1011010		7

114	r	95	11011		5

115	s	40	110000		6

116	t	115	0000		4

117	u	45	110100		6

118	v	9	10001011	8

119	w	14	11111101	8

120	x	10	11000111	8

121	y	3	1111001100	10

122	z	4	001111001	9

123	{	20	1011011		7

125	}	20	1100100		7

